 student | average 
---------+---------
       4 |     142
      50 |     141
      56 |     140
     184 |     140
     158 |     139
     110 |     136
      45 |     135
     155 |     100
     189 |      99
     191 |      96
       6 |      96
     148 |      95
      35 |      95
     190 |      94
      57 |      94
     145 |      94
      20 |      94
      46 |      94
     152 |      94
      69 |      94
      14 |      94
     144 |      94
      86 |      94
     121 |      94
      32 |      93
      38 |      93
     167 |      93
     178 |      93
     172 |      93
      42 |      93
       8 |      93
     166 |      92
      97 |      92
      84 |      92
      36 |      92
      28 |      92
     149 |      92
      79 |      92
      12 |      91
     154 |      91
     183 |      91
      75 |      91
     114 |      91
      92 |      91
      88 |      91
     107 |      91
      81 |      91
     136 |      91
      94 |      91
     180 |      90
      30 |      90
     104 |      90
     141 |      90
     138 |      90
     123 |      90
      58 |      89
      22 |      89
     117 |      89
      72 |      89
     175 |      88
      25 |      88
      39 |      88
      43 |      87
     192 |      87
      19 |      85
     188 |      58
     171 |      58
     157 |      58
      16 |      58
     103 |      58
       7 |      57
     162 |      57
     168 |      57
      17 |      57
     169 |      57
       5 |      57
     153 |      57
     142 |      57
     151 |      57
      91 |      57
      74 |      57
      48 |      57
      54 |      57
      11 |      57
       2 |      57
      34 |      57
     100 |      57
     111 |      57
     159 |      57
       9 |      57
     108 |      57
      44 |      57
     156 |      57
      66 |      57
     135 |      57
     147 |      56
     187 |      56
      85 |      56
      95 |      56
      40 |      56
     160 |      56
      77 |      56
     113 |      56
     131 |      56
       3 |      56
     165 |      56
     179 |      56
     181 |      56
      96 |      56
      67 |      56
      63 |      56
      10 |      56
     105 |      56
     134 |      56
      98 |      56
     124 |      56
     163 |      56
     127 |      56
      65 |      56
     102 |      56
      59 |      56
     109 |      56
      13 |      56
     118 |      56
     112 |      56
      60 |      56
     128 |      56
     115 |      56
      99 |      56
     101 |      56
      53 |      56
     140 |      56
     139 |      56
      78 |      56
      80 |      56
     186 |      56
     146 |      56
     177 |      56
      51 |      56
     182 |      56
      33 |      56
       1 |      56
      76 |      56
     106 |      56
      18 |      56
      71 |      56
      55 |      56
     143 |      56
      27 |      55
      61 |      55
     132 |      55
     150 |      55
      87 |      55
     120 |      55
     164 |      55
     116 |      55
      93 |      55
     173 |      55
      70 |      55
     130 |      55
     133 |      55
      62 |      55
     129 |      55
      49 |      55
      47 |      55
      64 |      55
      82 |      55
     125 |      55
      37 |      55
      24 |      54
      29 |      54
      68 |      54
      26 |      54
     119 |      54
      90 |      54
     126 |      54
      83 |      54
     174 |      54
     122 |      54
      23 |      53
     185 |      42
     176 |      42
      15 |      41
     170 |      41
     161 |      41
      31 |      41
      52 |      41
      41 |      40
      73 |      40
      89 |      40
     137 |      40
      21 |      39
(192 rows)

